8134
7708
4908
8232
4100
3228
3935
865
6776
9599
8670
1262
6277
9338
4998
6013
5485
569
6806
9084
5138
8118
1584
2885
6168
870
2140
7350
5316
7511
5825
7506
1704
8576
5827
9949
230
6924
5242
7067
6500
4077
7489
7263
7706
1270
7395
9163
4324
2167
1833
5716
9870
7292
1178
5295
5730
9662
2195
8342
1166
7815
8958
35
160
8633
1336
5972
9110
9529
7426
4039
2756
2658
9837
1974
7770
2527
966
3318
9822
2928
6970
4393
3067
9146
8838
7911
2097
3932
580
1946
8351
7065
6216
8071
3115
7789
8802
3019
1669
1012
2553
5218
8495
3257
6143
2061
3428
8874
6014
6107
4157
4957
7091
8826
7052
466
312
5155
949
536
8661
4198
6623
843
2892
8770
4239
2399
5507
4937
8690
1894
2776
1635
1442
8934
1363
3625
9950
7304
5941
4580
7169
5853
406
4018
7732
7714
4752
5255
3897
2500
359
7968
4944
4158
2403
8131
9302
5448
4521
9702
7270
3749
7922
7437
9459
8642
7262
9295
6645
4474
433
8660
440
1057
791
7360
1676
1772
2177
268
1872
380
7228
4850
7842
6702
4920
2196
9878
2609
948
8593
2440
6934
8215
9782
6166
592
5207
6331
6937
4949
8252
7967
2439
6200
7199
1281
1684
2388
4857
559
9721
403
8432
1274
760
7408
7170
5478
828
4644
5517
8092
7636
9385
9937
901
2766
6707
151
3232
105
6453
8047
1736
2013
2811
1
2363
7316
7871
8188
6132
3030
1313
9
2377
5598
3425
5314
9433
9082
1802
7455
6580
9025
7915
7440
8598
2348
423
5371
1194
8089
5882
9033
5299
2927
3633
7668
7985
9342
599
1293
7924
9501
7682
748
8516
6218
3629
3335
7116
5794
5658
8303
6439
9359
965
4564
4070
9871
8191
5848
8223
5113
20
6679
9192
7856
718
6751
7627
6283
318
910
5851
6713
9029
554
33
6367
682
4701
346
3044
9999
3294
5466
8135
6093
2727
4126
2872
1365
4382
9863
9073
5388
6925
8809
9020
9169
7367
4189
868
5552
6368
2235
2265
4950
4630
5321
4062
1062
5701
8038
2742
4091
8808
5257
9103
9978
7339
6936
5834
3192
5538
402
8285
4481
5389
7324
9478
4468
6930
7048
6478
8750
5632
7622
2908
1499
5967
6398
4427
8682
3892
2433
5157
2805
2808
3180
4710
1350
6982
671
3417
36
1623
2703
1733
2404
2131
3726
3306
845
813
9156
1595
4606
3705
2868
3368
9739
8697
5454
7969
1960
7597
4875
3628
1674
8352
6835
4343
2357
8372
8507
8027
3623
1234
7122
1479
8738
917
5674
8556
3605
5875
1490
5121
2398
4174
2824
6246
9278
6196
9675
2852
6240
2441
3978
200
1239
2570
4256
3379
6878
6529
1943
5727
6481
6631
5224
9000
3418
657
7188
5923
1022
9673
5246
6092
2893
7193
2895
9881
471
116
7411
9346
7658
6479
5904
5259
7580
1465
7249
3814
7355
982
9921
9947
9122
1019
4028
8308
4912
7166
7168
128
6374
2971
4904
3802
4200
1660
7669
9265
8843
3169
9077
8654
8345
3024
5731
9590
6369
6295
8371
1916
2027
125
8842
5360
6810
2708
7175
6972
464
3207
1007
7390
9945
3249
191
8164
6587
5035
7709
8476
5261
607
4614
2608
9811
5994
5713
9443
4654
4175
9164
5646
119
9090
8277
5885
4153
3721
1497
8056
4562
7445
4230
7737
5950
4646
5057
2274
7625
6646
9444
9076
8456
6232
5428
9367
7543
4208
3391
5156
221
8889
2326
5204
1720
6255
4352
7311
2238
9793
6905
5609
501
1756
6447
8913
2600
2655
3479
5376
1142
3400
902
6452
3528
4319
473
3094
7508
5170
5222
1266
9488
924
8049
3055
5469
9944
8685
8121
93
9280
1512
3461
9580
6513
606
1712
48
1831
1991
8422
463
3929
1230
8208
8467
8497
3640
1111
3576
6849
7522
4066
7158
2648
4472
2721
2380
9661
9395
2255
4874
8949
3885
8310
9636
6280
1407
8207
7153
3725
5328
6260
5455
5684
2400
5860
2592
5363
6329
3152
2907
7425
2796
7628
6140
3701
1921
5149
3819
8469
4119
5754
9691
3904
9916
4836
2011
3824
5491
5746
2254
8801
1279
4286
4163
1364
8022
3568
1219
5107
2832
2088
863
8783
6223
763
7919
6585
5309
2278
834
5589
474
5695
3694
8752
2976
6019
7300
1259
7926
7998
8110
7458
4299
8844
6341
7314
9898
6664
1179
1548
8380
9442
6674
4993
4035
9831
7610
9509
5796
1415
6208
5990
1120
4308
2486
41
6908
1304
3695
2282
4844
7809
4529
5412
9544
8024
3612
9857
6160
1759
8491
4252
2438
34
2588
826
1180
8226
1376
9092
961
558
2615
8724
997
3520
6063
6122
6254
9741
9583
5616
9989
2771
1877
1392
3911
4493
6417
9166
1642
6242
7541
1492
8016
8673
4462
4914
1912
3768
3900
8073
2208
8499
5378
94
2490
4253
1429
2559
1382
2919
1689
4523
7680
1375
9717
1696
7481
6884
9924
9648
7161
8520
3298
2039
3113
7356
2528
4279
4885
424
3727
2741
9933
3683
6176
1837
308
2947
8995
3214
7817
6302
3596
1824
15
1665
3704
9053
9597
1097
6390
4475
6274
1385
1986
428
7282
7319
7905
4797
4479
8216
3906
8729
96
4830
273
9971
6154
8967
9980
697
9426
4374
6769
242
1984
1299
4568
6459
7758
3717
7375
7313
7370
8058
3188
4671
8304
2920
2591
7653
9896
5520
1159
9629
572
5284
9618
6985
5811
9904
3345
2999
1808
9008
5058
8961
4763
9489
9506
9631
9763
3018
5797
8382
1267
9467
8502
755
798
7835
7677
8629
5810
4933
8296
4954
7037
9450
900
457
734
695
7499
8887
3464
7234
7312
5353
6100
3209
4315
7449
8470
6219
8640
8029
4803
7069
1592
3734
7806
2408
8890
5600
9425
2234
2315
6332
6426
4392
1803
7966
4911
9199
7079
8464
7213
7357
171
3331
4592
1873
80
59
7874
608
167
7605
8904
6703
7590
7398
7376
6615
6811
5403
5763
6546
2485
6215
6485
4929
5560
9316
7813
6071
2109
7130
7264
2328
7993
3984
4032
1888
3747
7315
3697
9369
1560
7609
3923
9998
4132
6779
1251
2294
8764
2431
488
7482
701
3790
1361
9672
676
663
6247
r
9100
5251
5361
7486
2680
8824
5061
2940
6809
7754
633
1005
3815
8228
5757
3918
7638
4979
7230
1276
2171
3230
8082
1213
2063
4008
6726
6026
7244
8996
3000
5738
7986
8679
9190
3883
5393
9387
7139
6186
1900
5214
9550
6258
4808
2678
127
5430
3435
928
6514
7607
3673
3194
9872
577
1189
7667
9405
8368
8066
4738
9168
1834
5368
8692
6386
4143
7549
9135
147
8668
2815
9226
3053
3266
237
5038
995
7665
9307
185
6762
2247
4942
4334
1343
9341
562
4185
3387
7172
2259
7211
6446
288
8980
4424
5633
4984
236
7033
8474
5114
2162
1310
8479
1141
1805
11
6532
3402
9157
741
7155
1083
3410
121
5437
1449
8565
8954
1123
812
322
4994
4355
6037
5572
7747
4525
7743
7695
7496
7954
7557
7828
8457
7462
6272
5983
2659
3905
4505
9260
344
7771
4184
4014
266
5098
3510
7888
9339
546
8030
1580
3641
5561
808
878
5120
5516
3751
8018
4450
4869
9522
5805
4453
4647
5884
3013
1488
4416
7467
5698
8041
4436
3390
3244
4635
349
8264
1965
932
456
8346
6865
8007
8128
7386
8539
1347
7389
6651
7681
7845
7784
4744
2637
9255
9754
8675
1020
5367
3730
3241
1791
4297
8850
1995
8004
5984
5151
2120
3037
4342
5080
9853
9130
9019
496
600
799
2118
9407
370
4767
5396
4411
6318
9819
987
9630
4219
3351
4141
1198
9036
5996
6829
430
4492
668
4101
3124
4688
3740
8928
5142
2257
3349
7110
5206
5751
6766
891
3170
6203
213
8532
4331
2240
1617
571
3277
8272
8878
3436
1335
4640
426
7787
9570
5374
6750
3072
2985
5514
3671
5022
9519
5050
8716
5119
2429
3968
141
8755
5476
847
343
7456
1868
6943
8862
9537
6430
6956
7082
5807
4307
3284
5959
9329
3534
5808
1217
7165
6773
1667
9880
8646
725
9145
5306
4616
3765
8564
5176
5269
1861
178
3290
330
1050
6977
7717
1314
3854
5655
7920
829
8283
4377
9558
1914
1793
7094
3211
52
8035
1881
1146
945
1892
9577
1305
7177
1748
2897
7148
8129
3384
6858
9806
7953
3206
1272
9906
7696
7195
984
9733
7038
9096
1707
4255
9571
194
6946
4793
2385
429
2750
5081
5352
3675
8390
2093
3219
6118
2401
7872
1915
5702
7210
8412
7291
3200
2458
4828
520
6252
2937
5447
6050
6170
219
5276
6377
5472
9958
2493
8657
8677
7295
1597
3711
1997
8825
6677
7655
4379
4109
6789
4038
3242
1302
4847
3555
1718
4325
7018
7222
2414
8944
1196
2411
5795
6890
409
4242
217
4384
6506
5785
9435
2533
6265
7361
2567
9632
2838
773
6036
6149
8957
4473
4017
9678
9723
4730
4778
4354
3204
7208
5288
6820
2129
4934
8511
9609
5440
5409
3358
4619
8262
5852
8443
6863
8631
4692
6183
8358
60
6358
1845
8033
3793
5628
9228
6886
7092
7112
4787
7254
2656
1015
9941
4897
7977
5729
7298
4958
6802
6601
451
4991
7095
6339
4145
225
6728
124
1321
8823
2389
2938
4247
5054
448
4218
8288
7009
3046
3546
9139
4848
6592
9860
8892
3665
3567
629
468
2453
5211
8328
5997
5575
142
9620
1104
645
2716
9905
6245
4041
9708
4700
2227
2503
8124
1216
3737
5766
1936
9789
86
2349
2020
6719
7246
4020
9213
6441
2661
8592
9182
5032
9749
337
310
1282
5248
4760
1776
8299
7702
1940
5528
9240
3270
6916
379
9705
6846
4395
7439
2271
1308
756
2810
6061
2812
6
9221
6792
2894
9585
2014
9493
5784
6994
6753
67
72
8185
605
7290
5501
8686
6621
2462
9491
5829
6590
7816
6830
2415
8868
4948
6770
968
1683
8501
2081
7656
9624
8563
4585
1533
5331
4150
8050
8704
5635
6032
7859
5689
9253
458
150
8319
4896
2847
8077
3256
9333
2481
6194
5262
5067
4262
7587
728
8973
4758
3977
2405
6570
4543
118
3545
4068
5042
6158
2722
5595
5629
3454
8453
2281
2970
8674
9692
4282
307
8760
3595
7688
5502
8341
7250
9747
7505
1115
6121
9393
4678
4000
8990
2425
9882
4861
6586
586
6213
7558
6542
9700
7687
3279
3766
6361
4131
2969
484
1691
7550
1013
8798
6113
1206
5136
4584
2299
2343
9516
4691
9427
8728
9388
8766
5195
7707
6896
8006
9892
7121
7870
4798
9251
5026
2628
1701
482
8765
206
4943
3311
5873
9778
5721
5602
7068
8947
3187
2909
2804
1254
4980
8451
9836
1349
2566
7632
1355
4650
3127
9062
2544
350
9504
1507
6124
8608
2597
6680
238
1069
8409
1980
7125
6326
3028
855
7666
5621
5824
2356
3690
9453
8540
5661
2555
3327
5871
5342
5313
690
5916
9451
2759
4519
98
9022
7251
7045
5304
2517
6763
9756
849
475
6044
3282
2009
8084
744
8398
2562
7443
7348
994
371
434
1288
9817
4260
5579
7179
702
9476
6259
3813
4323
5883
9142
8155
7129
271
8444
9554
3484
8946
1551
1061
7873
317
7457
6209
3564
284
6782
6919
7349
6541
9824
640
1330
1716
3394
7799
3344
5570
3764
8883
2051
199
1885
8828
4048
3519
2704
1243
2576
7245
4550
3999
6965
3075
7933
2244
8154
9959
4661
4344
4642
8630
2859
7595
3966
1021
2184
1273
1469
3108
5889
3440
4022
2168
7962
7491
1414
993
3156
4426
9961
626
3118
6966
1487
9543
2579
9355
1792
9601
2683
8800
6743
638
58
2564
5019
9911
2915
6115
3950
8865
1241
4373
5245
3982
2916
5880
8162
3763
7226
1462
4263
3343
8331
7098
5475
1401
8060
3852
951
4515
4142
3845
4824
4194
4099
8732
9413
3591
7646
8535
5606
1205
8898
1770
9890
8291
8452
7608
6465
1060
2945
5686
5968
5847
2537
401
5762
4881
4378
4182
4981
5108
5687
8117
6454 
2237
1813
6688
7788
2039
3795
4729
4374
6128
3384
8926
1376
5682
6083
4474
3353
6618
566
4942
9229
7051
9564
6860
4255
149
2663
3119
763
6155
8263
485
1000
2461
9609
5985
2944
2336
8304
2146
700
1536
6537
5477
8413
9466
3698
9842
5555
307
6226
2098
2852
5738
7175
9699
957
1539
7970
6850
9193
5047
8139
8566
7365
7726
7367
7690
4136
6120
8155
3110
9774
7239
615
2772
6787
4428
6084
1186
8671
4527
5024
8236
9805
4486
7728
7761
7838
6603
6493
7595
6370
5231
7956
2877
4222
2425
8053
8392
5064
6468
1902
4138
9311
7483
4992
1796
3634
632
4292
6073
6002
4148
6467
4175
2869
9471
38
2567
9495
8966
7876
7981
4467
3891
4871
7709
4659
4703
2507
6489
5927
5923
7118
9212
8195
692
6514
6434
2217
6029
6480
1961
712
1655
9969
5695
6815
1143
6935
5216
2428
1622
4765
2518
7766
3350
3218
7213
8353
8425
6997
6212
587
7771
6055
8394
871
5333
9605
8848
4688
1529
1056
9255
8563
7659
5025
4965
6862
9715
4057
1523
9878
3812
6332
6400
6003
7429
3405
9002
4544
3569
4510
987
4829
1843
3612
1330
5225
489
1334
3070
8560
8040
1846
5922
991
8523
3885
7277
8340
6164
634
4113
6104
1157
742
2335
3825
8877
9841
3977
690
3888
7923
4505
5723
1618
4085
7899
9566
7863
9014
6955
9326
2590
854
9868
4679
6102
5299
7300
6540
7774
5208
5546
7030
1752
5019
7858
1910
8891
2222
6891
2137
6660
8735
6137
3293
1249
3387
207
1882
736
8326
8637
1726
1791
7509
2686
8443
7044
1027
4483
1406
569
6914
4404
8187
5708
3558
5403
2145
5362
1180
6599
1155
7687
5243
6412
5322
2602
7518
1772
9206
4985
3621
9657
8606
7992
8096
4265
451
1103
7699
2405
2637
8854
4872
132
5215
353
9619
6267
7552
5901
8762
3514
9451
2914
6378
6312
6148
1076
2626
6681
921
1090
4412
7362
1838
8522
3865
1880
1604
8635
3568
3783
7323
4267
8672
8940
4391
2040
4251
8950
3533
239
2761
3184
148
8048
6576
8646
4498
4042
813
9365
7952
4206
3401
718
6939
8720
9187
3508
6461
7827
6814
6133
1212
9592
4052
6947
6663
1179
6440
4189
625
219
9761
2479
6382
297
4336
4744
2131
5008
4673
5944
4351
1427
1220
1071
6725
9163
9740
3351
1318
6193
1315
874
306
2599
8115
6082
8864
570
6767
2549
3799
7245
7139
7153
8692
8591
6123
8028
4179
5649
1123
3388
1667
1579
92
622
9882
770
7564
8744
4868
5804
6279
1133
3495
1195
212
9352
2850
6635
9843
5750
2072
1744
9977
506
9811
8175
6242
4856
7840
7162
3809
7203
1547
5488
9631
4907
5824
1609
2227
3688
8176
4827
6766
9742
2725
6730
2019
3738
8616
1527
3587
5244
4021
3454
3957
3410
7294
9175
1878
5196
1097
9125
2912
3631
6192
3357
3893
4969
415
5401
1924
7691
9788
3702
2985
6806
5635
9708
6147
6577
1526
3394
7920
2615
7391
107
1080
9225
8081
4874
1087
6126
1261
5054
2494
2623
1128
5249
4485
2201
9617
6167
5125
4779
5947
504
3147
421
6283
6219
2090
9635
7535
8354
1144
756
9677
7160
5280
2434
888
7957
517
2809
4722
7468
3573
4493
5295
2299
7232
8490
9952
591
1758
9216
7196
6117
9873
4716
4217
779
1533
4754
7546
9186
8488
3748
9600
9109
2279
2532
4799
1857
3031
9947
4532
5619
6777
746
7748
9342
3106
2470
5662
6441
7339
7324
134
1870
3228
8734
5433
5702
9927
3894
8711
2727
6402
1696
9514
8647
6316
2288
1967
8799
3194
3131
8341
4888
8577
2029
4234
8156
1370
5878
6991
1367
3978
2415
6130
9054
4619
2838
6941
7541
7318
8667
9077
8069
2660
6428
1876
5458
9806
6001
3935
9096
6703
3435
4740
916
6946
4691
6933
7008
5108
6501
3650
7494
9130
2833
2036
7704
6528
3027
6272
4935
6210
4127
2152
3632
4410
2418
5253
7000
665
2303
9524
2848
878
1702
9293
1541
9765
1113
8311
403
2407
4161
438
5971
923
929
2871
4482
7171
8412
3099
6321
3776
6907
6931
9548
8673
7395
2181
9508
5871
1764
5236
8617
6929
3440
7502
9102
381
4155
963
3395
6162
8434
6397
3932
3909
7951
1504
7195
630
7653
5129
6555
9284
9528
3749
9862
5960
1610
7152
1531
7854
5475
2345
9427
6335
6655
1125
8822
9881
218
2873
7759
5356
6532
1474
8748
8985
592
3096
8655
8593
369
6063
9463
4923
912
6662
4503
4851
4371
4798
3691
4389
7176
8986
4034
8303
313
9462
8257
7278
6976
5699
4610
6115
6550
2915
6743
4097
3572
3268
82
7529
9437
4000
6780
6522
9904
3781
8547
1465
2542
6533
9886
2398
1735
3562
7164
9478
9423
3290
7694
7637
164
3048
9335
9890
5530
2765
1850
5275
9020
758
7786
2478
8675
5499
8724
8456
2397
9315
6728
9182
8284
7672
5670
4760
5050
8123
1720
895
9933
857
8578
9954
2100
4809
7464
8728
6588
0
2192
4860
4841
9244
8035
5345
3889
8895
9814
3835
1488
9199
2218
7987
9530
9148
7076
8588
4909
726
7331
4007
969
6612
6224
8470
6234
8800
9504
1656
7098
985
4925
7234
6432
5778
1700
1024
1281
2784
9034
2823
189
487
6053
294
1620
4834
3828
5409
9846
6633
1819
7214
4186
6619
8559
6970
9383
5180
6131
1938
195
3332
5844
4797
4274
2941
1830
8281
9883
8902
5548
9791
105
1781
8074
3108
1295
6781
5970
7870
4495
3538
8475
3092
9730
1739
3066
138
7424
5366
3594
7268
3554
7428
7270
6200
4934
7681
3103
8972
2629
8968
5737
9375
9347
1452
1207
5809
4796
4949
3955
2344
497
7616
5870
9916
7183
4502
943
3728
8676
4293
9174
455
2927
4402
9877
4165
7385
1925
4279
9956
4459
3544
8149
1711
8274
6673
4487
6407
803
4427
4353
8810
8361
4614
5314
4241
3272
6048
8209
8015
3098
8220
1259
3255
3146
5999
416
842
466
7287
2633
4672
2419
6118
7665
4131
5343
41
4696
5239
7868
7352
5479
2307
5793
2015
2591
703
9994
4946
1676
7932
6411
7106
1006
7259
5541
850
6056
8575
2427
4822
3545
2037
6861
8378
8653
4083
6427
6847
2997
8291
7528
9610
649
9905
2011
3323
511
7589
4176
3020
1636
5011
2531
594
8245
1081
6062
4030
3543
4078
6214
4569
3482
1974
935
961
5508
5501
4168
8449
1289
6822
8515
5973
5316
670
3536
7705
2343
2723
9024
6280
2382
7990
4733
5164
6295
832
9392
3715
2364
56
956
7286
6757
7121
9411
5841
54
4120
4394
8137
4914
5959
7221
3625
4203
3274
4125
2560
190
984
3654
8170
1137
1920
266
1705
5004
6319
978
8047
482
6960
4889
1918
5491
115
2010
9030
6352
1453
8101
5833
90
5434
5687
5813
9798
2990
7109
1390
3306
4181
2682
3363
4180
4291
9353
2172
7871
7888
1593
9517
6541
7167
2998
9672
7836
5887
98
1786
1589
5298
9215
8554
6367
2628
8812
6285
2499
1632
3152
4205
7310
973
3531
491
3843
9529
8132
9683
1425
4326
761
1146
4859
4778
2962
541
3045
4289
8273
2699
9729
3281
644
4921
8039
1218
4215
4068
8150
4576
9309
89
7608
3449
5042
6380
6571
9567
8828
7431
1776
2918
1993
8636
9680
7031
7796
374
3476
2983
3524
7597
7880
7635
2155
9758
936
6830
1722
750
6570
8091
901
1854
9915
1177
2351
1047
3374
6741
7927
9598
122
8887
3202
7200
3455
5473
2498
1821
1806
1642
1757
7469
3047
1769
3156
7831
9991
405
8356
2281
8116
3528
3170
6303
725
9346
7346
8766
8530
1930
7725
2339
4508
463
3285
6356
226
275
234
1490
5257
1927
1345
5565
567
6357
5650
4196
5446
3933
1851
7449
8585
6872
9348
6107
1940
173
9663
7565
2171
8360
454
9718
2612
3013
1316
8363
5422
1845
2683
1420
2806
9911
9526
5872
8272
6110
9830
6697
2337
5821
9695
9197
843
5765
8461
1105
9217
8058
1497
8355
7394
2041
760
5166
6561
1795
3209
5077
4723
5820
967
8166
7592
2247
2241
9696
8592
6898
612
3840
3250
9679
7922
9139
7095
9932
6011
6284
29
8141
402
6562
5830
5221
5092
7580
8996
7837
192
6744
4014
361
1886
5879
9470
3174
7582
8002
152
3041
1905
4990
3657
8169
5490
5881
9870
6585
1156
6869
5788
5669
3897
2982
6581
9404
4117
1321
5801
2216
8428
6967
5704
295
8460
4674
9288
2790
5525
8532
9863
4221
2038
9431
2080
6499
8100
2228
3684
4840
424
1446
6298
8497
437
2956
684
3074
7255
8510
9971
3355
2315
4436
8055
5154
3360
2226
3423
345
1062
3788
2750
8398
2661
4338
807
8479
1815
3297
5393
8439
7995
1605
9235
6552
4242
7132
1788
1683
3931
4677
8289
948
8435
765
5853
5951
3271
433
1935
281
9448
7419
2454
3164
161
5498
9247
3678
1653
5678
6170
8499
1139
112
6439
900
2917
9633
3001
3420
5204
4331
1346
9980
4695
2539
8511
7021
5307
7074
5664
8674
2139
9907
6694
3029
9670
5185
4602
2475
7421
4755
2175
8238
2945
3553
3912
8211
3767
3963
5648
5181
8634
2781
6450
3276
7025
7948
3689
2376
4437
9259
4295
9864
2067
8466
3786
5855
2044
5123
8452
1161
8335
7604
7969
6674
6617
5566
4649
3998
2027
48
7417
8464
8781
3976
596
142
1284
1098
6866
8241
4549
3997
467
7317
4118
1348
9253
9419
7389
8298
4451
3981
1859
6482
3623
360
3941
6678
8300
5179
7895
1721
8807
9816
2854
9560
1387
646
4751
3391
9207
377
9410
6699
3088
5016
3975
9867
1987
7936
9100
8230
3601
7900
6566
8218
7173
4726
5904
3305
3724
6742
4354
6594
1784
1641
5731
6903
2897
4883
5083
4869
1701
882
1553
4387
9223
1997
7919
8534
9090
4047
3239
9325
4940
4653
2016
6583
1231
4122
7555
2411
2424
5728
5543
7609
6505
9545
5968
3162
9861
6883
5364
5573
2702
7308
3365
6900
4310
4781
2597
4439
2696
1018
1067
2969
3578
3694
5063
3579
5377
1201
4385
9826
1417
7798
9162
4950
4151
5747
1258
947
5001
7055
4903
3772
1449
6322
8430
7787
8749
7501
6849
1953
3710
3030
8365
1768
5517
5444
7960
5348
2294
8057
6292
6203
6590
5776
9955
4339
3024
9307
357
9127
8551
804
2051
1770
1444
4213
3406
2600
6271
8763
7388
9453
4717
1687
8860
1669
2206
616
5476
7056
5159
2789
9596
331
4087
8568
9601
387
5122
8008
4480
7360
3134
7459
9738
2697
5389
3929
9909
4915
4617
87
846
2143
1037
2656
9501
838
3012
476
7878
9268
7138
299
3114
9902
100
4543
9358
65
9088
4434
5647
2114
8669
6204
474
1614
2780
2410
7543
1729
2685
4675
5130
4608
4652
6636
8806
2905
4684
1363
1480
3331
4506
1392
322
9373
1743
5192
8253
5202
4770
7456
5497
4406
8351
6015
2936
358
3500
9198
5350
2547
4764
7497
5177
693
7426
4983
669
8994
3322
2731
8458
269
3312
5994
1290
5894
595
9639
8573
3690
4938
9420
5451
4939
6449
5093
6945
2182
1117
5814
1332
4605
96
4261
9188
1397
8264
7280
5178
4352
5051
1266
4643
4316
5698
5432
9551
7073
6196
9013
7466
4454
8589
4488
6879
1782
9813
458
5599
8212
3490
9135
2378
9280
5907
7358
9179
3109
4452
2249
7829
1407
2968
4414
4880
7789
52
7893
5949
629
4046
7527
8602
9906
9301
9261
4319
4727
3830
2950
6521
4275
2598
1241
7889
7874
8835
3017
5207
562
6414
7801
7299
2513
4481
3810
3566
5722
9425
1238
5564
9232
9590
6500
180
406
2707
4952
547
5009
3053
6127
2993
7275
7083
5826
4517
6437
4550
2841
2959
444
2722
3000
5493
9972
170
2215
9850
8753
9697
4567
931
5918
4705
5677
7111
1236
8557
2007
5355
6255
7945
5484
9576
6887
8442
5950
3900
5190 
